main_parser: 0.579138994216919 s
lib_parser: 0.9352388381958008 s
re_parser: 0.47912120819091797 s
